0.000000000000000000e+00
3.100000000000000089e+00
1.550000000000000044e+00
1.033333333333333437e+00
7.750000000000000222e-01
6.199999999999999956e-01
5.166666666666667185e-01
4.428571428571428381e-01
3.875000000000000111e-01
3.444444444444444420e-01
3.099999999999999978e-01
5.363636363636363757e-01
4.916666666666666408e-01
4.538461538461538436e-01
4.214285714285714302e-01
3.933333333333333126e-01
3.687500000000000222e-01
3.470588235294117530e-01
3.277777777777777790e-01
3.105263157894737058e-01
2.949999999999999845e-01
3.938095238095238315e-01
3.759090909090909149e-01
3.595652173913043703e-01
3.445833333333333526e-01
3.307999999999999829e-01
3.180769230769230904e-01
3.062962962962962887e-01
2.953571428571428736e-01
2.851724137931034297e-01
2.756666666666666710e-01
3.245161290322580716e-01
3.143750000000000155e-01
3.048484848484848686e-01
2.958823529411764852e-01
2.874285714285714222e-01
2.794444444444444398e-01
2.718918918918918903e-01
2.647368421052631593e-01
2.579487179487179316e-01
2.515000000000000013e-01
2.775609756097561220e-01
2.709523809523809446e-01
2.646511627906976694e-01
2.586363636363636087e-01
2.528888888888888853e-01
2.473913043478260798e-01
2.421276595744680793e-01
2.370833333333333404e-01
2.322448979591836826e-01
2.275999999999999968e-01
2.413725490196078349e-01
2.367307692307692446e-01
2.322641509433962248e-01
2.279629629629629506e-01
2.238181818181818050e-01
2.198214285714285843e-01
2.159649122807017485e-01
2.122413793103448409e-01
2.086440677966101831e-01
2.051666666666666639e-01
2.132786885245901709e-01
2.098387096774193550e-01
2.065079365079365015e-01
2.032812499999999967e-01
2.001538461538461544e-01
1.971212121212121138e-01
1.941791044776119413e-01
1.913235294117646978e-01
1.885507246376811608e-01
1.858571428571428596e-01
1.898591549295774727e-01
1.872222222222222343e-01
1.846575342465753555e-01
1.821621621621621612e-01
1.797333333333333283e-01
1.773684210526315919e-01
1.750649350649350622e-01
1.728205128205128338e-01
1.706329113924050511e-01
1.685000000000000109e-01
1.709876543209876421e-01
1.689024390243902551e-01
1.668674698795180600e-01
1.648809523809523780e-01
1.629411764705882282e-01
1.610465116279069797e-01
1.591954022988505690e-01
1.573863636363636298e-01
1.556179775280898958e-01
1.538888888888888806e-01
1.551648351648351742e-01
1.534782608695652306e-01
1.518279569892473091e-01
1.502127659574468144e-01
1.486315789473684201e-01
1.470833333333333437e-01
1.455670103092783496e-01
1.440816326530612312e-01
1.426262626262626287e-01
1.411999999999999922e-01
1.423762376237623639e-01
1.409803921568627549e-01
1.396116504854368889e-01
1.382692307692307554e-01
1.369523809523809643e-01
1.356603773584905692e-01
1.343925233644859829e-01
1.331481481481481544e-01
1.319266055045871522e-01
1.307272727272727197e-01
1.314414414414414312e-01
1.302678571428571297e-01
1.291150442477876081e-01
1.279824561403508643e-01
1.268695652173913169e-01
1.257758620689655160e-01
1.247008547008547075e-01
1.236440677966101631e-01
1.226050420168067201e-01
1.215833333333333349e-01
1.218181818181818116e-01
1.208196721311475402e-01
1.198373983739837445e-01
1.188709677419354793e-01
1.179199999999999970e-01
1.169841269841269821e-01
1.160629921259842545e-01
1.151562500000000017e-01
1.142635658914728652e-01
1.133846153846153892e-01
1.135877862595419813e-01
1.127272727272727315e-01
1.118796992481203012e-01
1.110447761194029853e-01
1.102222222222222214e-01
1.094117647058823473e-01
1.086131386861313858e-01
1.078260869565217384e-01
1.070503597122302170e-01
1.062857142857142889e-01
1.062411347517730476e-01
1.054929577464788770e-01
1.047552447552447530e-01
1.040277777777777746e-01
1.033103448275862063e-01
1.026027397260274032e-01
1.019047619047619008e-01
1.012162162162162093e-01
1.005369127516778510e-01
9.986666666666667302e-02
9.966887417218543710e-02
9.901315789473684459e-02
9.836601307189542232e-02
9.772727272727273207e-02
9.709677419354838246e-02
9.647435897435897856e-02
9.585987261146497462e-02
9.525316455696201945e-02
9.465408805031447215e-02
9.406249999999999334e-02
9.378881987577639134e-02
9.320987654320987692e-02
9.263803680981595734e-02
9.207317073170731558e-02
9.151515151515152158e-02
9.096385542168675120e-02
9.041916167664670878e-02
8.988095238095238082e-02
8.934911242603550685e-02
8.882352941176470396e-02
8.842105263157894190e-02
8.790697674418604390e-02
8.739884393063583612e-02
8.689655172413793260e-02
8.640000000000000457e-02
8.590909090909090717e-02
8.542372881355932146e-02
8.494382022471910765e-02
8.446927374301675673e-02
8.400000000000000522e-02
8.370165745856353312e-02
8.324175824175823746e-02
8.278688524590163689e-02
8.233695652173912694e-02
8.189189189189188811e-02
8.145161290322580627e-02
8.101604278074865662e-02
8.058510638297872175e-02
8.015873015873016538e-02
7.973684210526316152e-02
7.963350785340314597e-02
7.921875000000000444e-02
7.880829015544041360e-02
7.840206185567009933e-02
7.799999999999999989e-02
7.760204081632653128e-02
7.720812182741117191e-02
7.681818181818181324e-02
7.643216080402009949e-02
7.605000000000000648e-02
8.776119402985074758e-02
8.732673267326732103e-02
8.689655172413793260e-02
8.647058823529411853e-02
8.604878048780487121e-02
8.563106796116505548e-02
8.521739130434782816e-02
8.480769230769230616e-02
8.440191387559808911e-02
8.400000000000000522e-02
9.227488151658767845e-02
9.183962264150943855e-02
9.140845070422534691e-02
9.098130841121494783e-02
9.055813953488371648e-02
9.013888888888889339e-02
8.972350230414746775e-02
8.931192660550459073e-02
8.890410958904110261e-02
8.849999999999999534e-02
9.538461538461538713e-02
9.495495495495495653e-02
9.452914798206278613e-02
9.410714285714286143e-02
9.368888888888889099e-02
9.327433628318583525e-02
9.286343612334801989e-02
9.245614035087719451e-02
9.205240174672489617e-02
9.165217391304347760e-02
9.670995670995670423e-02
9.629310344827586576e-02
9.587982832618026363e-02
9.547008547008546675e-02
9.506382978723404431e-02
9.466101694915254883e-02
9.426160337552742796e-02
9.386554621848738900e-02
9.347280334728033657e-02
9.308333333333333737e-02
9.663900414937759420e-02
9.623966942148760861e-02
9.584362139917695922e-02
9.545081967213114860e-02
9.506122448979591189e-02
9.467479674796748512e-02
9.429149797570850200e-02
9.391129032258065112e-02
9.353413654618474016e-02
9.316000000000000669e-02
9.545816733067728765e-02
9.507936507936508297e-02
9.470355731225296725e-02
9.433070866141732291e-02
9.396078431372549555e-02
9.359375000000000333e-02
9.322957198443579396e-02
9.286821705426356877e-02
9.250965250965251241e-02
9.215384615384615563e-02
9.363984674329502156e-02
9.328244274809160963e-02
9.292775665399240215e-02
9.257575757575757514e-02
9.222641509433962548e-02
9.187969924812029732e-02
9.153558052434457304e-02
9.119402985074627488e-02
9.085501858736060032e-02
9.051851851851851205e-02
9.162361623616235851e-02
9.128676470588235892e-02
9.095238095238095122e-02
9.062043795620437769e-02
9.029090909090908834e-02
8.996376811594203327e-02
8.963898916967509567e-02
8.931654676258993231e-02
8.899641577060932174e-02
8.867857142857142605e-02
8.928825622775800330e-02
8.897163120567376515e-02
8.865724381625442185e-02
8.834507042253521292e-02
8.803508771929824395e-02
8.772727272727272319e-02
8.742160278745644830e-02
8.711805555555555969e-02
8.681660899653979857e-02
8.651724137931034175e-02
8.694158075601374214e-02
8.664383561643836107e-02
8.634812286689419469e-02
8.605442176870747861e-02
8.576271186440677374e-02
8.547297297297297425e-02
8.518518518518518323e-02
8.489932885906040227e-02
8.461538461538462008e-02
8.433333333333332960e-02
8.468438538205980137e-02
8.440397350993376901e-02
8.412541254125412149e-02
8.384868421052631138e-02
8.357377049180328421e-02
8.330065359477124842e-02
8.302931596091205069e-02
8.275974025974025539e-02
8.249190938511326288e-02
8.222580645161289836e-02
8.231511254019292789e-02
8.205128205128205121e-02
8.178913738019169544e-02
8.152866242038216138e-02
8.126984126984126977e-02
8.101265822784810278e-02
8.075709779179811310e-02
8.050314465408804632e-02
8.025078369905956632e-02
8.000000000000000167e-02
8.009345794392523643e-02
7.984472049689440853e-02
7.959752321981423961e-02
7.935185185185185397e-02
7.910769230769230942e-02
7.886503067484662566e-02
7.862385321100917590e-02
7.838414634146341486e-02
7.814589665653495776e-02
7.790909090909091395e-02
7.791540785498489441e-02
7.768072289156625898e-02
7.744744744744744280e-02
7.721556886227544381e-02
7.698507462686567104e-02
7.675595238095238304e-02
7.652818991097923296e-02
7.630177514792899074e-02
7.607669616519173450e-02
7.585294117647058132e-02
7.589442815249267116e-02
7.567251461988304395e-02
7.545189504373177314e-02
7.523255813953488857e-02
7.501449275362319369e-02
7.479768786127168056e-02
7.458213256484150233e-02
7.436781609195401710e-02
7.415472779369627898e-02
7.394285714285714350e-02
7.390313390313389685e-02
7.369318181818182434e-02
7.348441926345608555e-02
7.327683615819209628e-02
7.307042253521127406e-02
7.286516853932584192e-02
7.266106442577030533e-02
7.245810055865921362e-02
7.225626740947074800e-02
7.205555555555555325e-02
7.188365650969529008e-02
7.168508287292817138e-02
7.148760330578513011e-02
7.129120879120878773e-02
7.109589041095890072e-02
7.090163934426230163e-02
7.070844686648501687e-02
7.051630434782608925e-02
7.032520325203252265e-02
7.013513513513514042e-02
7.002695417789757404e-02
6.983870967741935554e-02
6.965147453083109230e-02
6.946524064171122337e-02
6.927999999999999436e-02
6.909574468085107057e-02
6.891246684350132989e-02
6.873015873015872468e-02
6.854881266490765734e-02
6.836842105263157832e-02
6.829396325459317907e-02
6.811518324607329644e-02
6.793733681462141294e-02
6.776041666666667018e-02
6.758441558441558028e-02
6.740932642487046378e-02
6.723514211886305603e-02
6.706185567010308768e-02
6.688946015424164504e-02
6.671794871794871351e-02
6.662404092071610995e-02
6.645408163265306700e-02
6.628498727735368523e-02
6.611675126903553135e-02
6.594936708860758834e-02
6.578282828282827621e-02
6.561712846347607375e-02
6.545226130653265806e-02
6.528822055137845082e-02
6.512500000000000233e-02
7.102244389027431715e-02
7.084577114427860478e-02
7.066997518610422524e-02
7.049504950495048827e-02
7.032098765432098775e-02
7.014778325123152691e-02
6.997542997542997856e-02
6.980392156862745556e-02
6.963325183374083349e-02
6.946341463414634765e-02
7.299270072992700142e-02
7.281553398058251969e-02
7.263922518159805775e-02
7.246376811594203160e-02
7.228915662650602092e-02
7.211538461538460898e-02
7.194244604316546443e-02
7.177033492822966487e-02
7.159904534606205406e-02
7.142857142857142461e-02
7.125890736342042897e-02
7.109004739336492740e-02
7.092198581560284210e-02
7.075471698113207364e-02
7.058823529411764608e-02
7.042253521126760896e-02
7.025761124121779333e-02
7.009345794392522755e-02
6.993006993006993521e-02
6.976744186046511531e-02
6.960556844547563515e-02
6.944444444444444753e-02
6.928406466512701534e-02
6.912442396313364656e-02
6.896551724137930939e-02
6.880733944954128822e-02
6.864988558352402848e-02
6.849315068493150305e-02
6.833712984054669815e-02
6.818181818181817677e-02
6.802721088435374763e-02
6.787330316742080927e-02
6.772009029345373021e-02
6.756756756756757132e-02
6.741573033707864981e-02
6.726457399103139001e-02
6.711409395973154390e-02
6.696428571428571230e-02
6.681514476614699993e-02
6.666666666666666574e-02
6.651884700665187944e-02
6.637168141592920956e-02
6.622516556291391243e-02
6.607929515418502209e-02
6.593406593406593574e-02
6.578947368421052266e-02
6.564551422319474250e-02
6.550218340611353718e-02
6.535947712418301025e-02
6.521739130434782428e-02
6.507592190889370520e-02
6.493506493506492894e-02
6.479481641468683162e-02
6.465517241379310776e-02
6.451612903225806273e-02
6.437768240343347270e-02
6.423982869379014915e-02
6.410256410256409687e-02
6.396588486140725172e-02
6.382978723404254817e-02
6.369426751592356661e-02
6.355932203389830226e-02
6.342494714587737503e-02
6.329113924050633333e-02
6.315789473684210731e-02
6.302521008403361158e-02
6.289308176100628922e-02
6.276150627615062483e-02
6.263048016701461274e-02
6.250000000000000000e-02
6.237006237006237352e-02
6.224066390041493868e-02
6.211180124223602411e-02
6.198347107438016701e-02
6.185567010309278579e-02
6.172839506172839164e-02
6.160164271047227635e-02
6.147540983606557263e-02
6.134969325153374203e-02
6.122448979591836593e-02
6.109979633401221855e-02
6.097560975609755962e-02
6.085192697768762593e-02
6.072874493927125222e-02
6.060606060606060774e-02
6.048387096774193727e-02
6.036217303822937613e-02
6.024096385542168641e-02
6.012024048096192147e-02
5.999999999999999778e-02
5.988023952095808400e-02
5.976095617529880721e-02
5.964214711729622087e-02
5.952380952380952051e-02
5.940594059405940319e-02
5.928853754940711235e-02
5.917159763313609155e-02
5.905511811023621965e-02
5.893909626719057160e-02
5.882352941176470507e-02
5.870841487279843118e-02
5.859375000000000000e-02
5.847953216374268681e-02
5.836575875486381404e-02
5.825242718446602130e-02
5.813953488372092943e-02
5.802707930367504569e-02
5.791505791505791728e-02
5.780346820809248443e-02
5.769230769230769551e-02
5.758157389635316925e-02
5.747126436781609116e-02
5.736137667304015003e-02
5.725190839694656308e-02
5.714285714285714107e-02
5.703422053231939348e-02
5.692599620493358353e-02
5.681818181818181629e-02
5.671077504725897944e-02
5.660377358490566169e-02
5.649717514124293766e-02
5.639097744360901943e-02
5.628517823639774681e-02
5.617977528089887485e-02
5.607476635514018620e-02
5.597014925373134525e-02
5.586592178770949380e-02
5.576208178438661622e-02
5.565862708719851448e-02
5.555555555555555247e-02
5.545286506469501026e-02
5.535055350553505504e-02
5.524861878453038444e-02
5.514705882352941013e-02
5.504587155963303058e-02
5.494505494505494414e-02
5.484460694698354427e-02
5.474452554744525801e-02
5.464480874316939712e-02
5.454545454545454281e-02
5.444646098003629725e-02
5.434782608695652023e-02
5.424954792043399504e-02
5.415162454873646142e-02
5.405405405405405705e-02
5.395683453237409832e-02
5.385996409335726959e-02
5.376344086021505458e-02
5.366726296958854864e-02
5.357142857142856845e-02
5.347593582887700397e-02
5.338078291814946780e-02
5.328596802841917973e-02
5.319148936170212810e-02
5.309734513274336209e-02
5.300353356890459555e-02
5.291005291005290712e-02
5.281690140845070325e-02
5.272407732864674984e-02
5.263157894736841813e-02
5.253940455341506166e-02
5.244755244755244794e-02
5.235602094240837667e-02
5.226480836236933880e-02
5.217391304347825803e-02
5.208333333333333565e-02
5.199306759098786673e-02
5.190311418685120831e-02
5.181347150259067030e-02
5.172413793103448204e-02
5.163511187607573022e-02
5.154639175257731687e-02
5.145797598627787489e-02
5.136986301369862729e-02
5.128205128205128027e-02
5.119453924914675602e-02
5.110732538330493846e-02
5.102040816326530726e-02
5.093378607809847386e-02
5.084745762711864736e-02
5.076142131979695382e-02
5.067567567567567849e-02
5.059021922428330598e-02
5.050505050505050414e-02
5.042016806722689204e-02
5.033557046979865446e-02
5.025125628140703765e-02
5.016722408026755980e-02
5.008347245409015130e-02
5.000000000000000278e-02
4.991680532445923191e-02
4.983388704318936907e-02
4.975124378109452988e-02
4.961920529801324559e-02
4.943801652892561987e-02
4.924092409240923840e-02
4.906095551894563284e-02
4.888157894736842174e-02
4.875205254515599385e-02
4.854098360655737660e-02
4.834697217675940767e-02
4.813725490196078122e-02
4.800978792822185870e-02
4.780130293159608884e-02
4.762601626016259998e-02
4.746753246753247085e-02
4.729335494327390615e-02
4.710355987055016291e-02
4.693053311793214666e-02
4.674193548387096941e-02
4.658615136876006341e-02
4.641479099678456899e-02
4.624398073836276379e-02
4.608974358974358976e-02
4.593599999999999767e-02
4.575079872204473180e-02
4.561403508771930126e-02
4.546178343949044270e-02
4.529411764705882498e-02
4.515873015873016205e-02
4.499207606973058826e-02
4.485759493670886389e-02
4.472353870458135872e-02
4.452681388012618563e-02
4.437795275590551008e-02
4.421383647798741989e-02
4.401883830455258911e-02
4.390282131661441684e-02
4.372456964006259800e-02
4.356249999999999706e-02
4.340093603744149542e-02
4.328660436137071743e-02
4.307931570762053158e-02
4.287267080745341824e-02
4.272868217054263257e-02
4.260061919504643663e-02
4.244204018547140939e-02
4.226851851851851777e-02
4.209553158705701265e-02
4.195384615384615407e-02
4.178187403993855603e-02
4.164110429447853007e-02
4.145482388973966564e-02
4.129969418960244970e-02
4.112977099236641426e-02
4.100609756097561148e-02
4.085235920852359204e-02
4.071428571428571674e-02
4.059180576631259141e-02
4.046969696969696800e-02
4.031770045385778961e-02
4.015105740181269117e-02
4.001508295625942624e-02
3.983433734939759163e-02
3.965413533834586529e-02
3.951951951951952063e-02
3.932533733133432990e-02
3.917664670658682624e-02
3.905829596412556393e-02
3.889552238805970424e-02
3.873323397913561866e-02
3.860119047619047644e-02
3.845468053491827437e-02
3.832344213649851311e-02
3.814814814814814631e-02
3.800295857988165993e-02
3.787296898079763746e-02
3.774336283185840413e-02
3.756995581737850032e-02
3.742647058823529715e-02
3.726872246696034952e-02
3.715542521994134872e-02
3.695461200585651446e-02
3.685672514619883072e-02
3.667153284671532953e-02
3.655976676384839474e-02
3.641921397379912356e-02
3.626453488372093081e-02
3.611030478955007395e-02
3.597101449275362517e-02
3.586107091172214406e-02
3.575144508670520527e-02
3.556998556998557104e-02
3.543227665706051577e-02
3.526618705035971385e-02
3.512931034482758702e-02
3.497847919655667354e-02
3.478510028653294950e-02
3.463519313304721375e-02
3.450000000000000289e-02
3.436519258202568039e-02
3.423076923076923128e-02
3.406827880512090789e-02
3.396306818181818454e-02
3.384397163120567154e-02
3.373937677053824580e-02
3.360678925035360393e-02
3.348870056497175313e-02
3.335684062059238175e-02
3.321126760563380270e-02
3.308016877637130759e-02
3.294943820224718878e-02
3.277699859747545269e-02
3.267507002801120497e-02
3.254545454545454408e-02
3.240223463687150890e-02
3.231520223152022087e-02
3.220055710306406888e-02
3.204450625869263020e-02
3.190277777777777990e-02
3.174757281553398230e-02
3.163434903047091656e-02
3.152143845089903224e-02
3.139502762430939481e-02
3.128275862068965324e-02
3.117079889807162704e-02
3.103163686382393385e-02
3.092032967032967011e-02
3.080932784636488189e-02
3.067123287671232740e-02
3.053351573187414528e-02
3.045081967213114638e-02
3.034106412005457137e-02
3.021798365122615668e-02
3.010884353741496641e-02
3.001358695652173864e-02
2.990502035278154794e-02
2.979674796747967466e-02
2.963464140730717039e-02
2.952702702702702728e-02
2.940620782726045823e-02
2.928571428571428645e-02
2.917900403768506137e-02
2.903225806451613031e-02
2.889932885906040111e-02
2.872654155495978426e-02
2.860776439089691980e-02
2.851604278074866203e-02
2.842456608811749080e-02
2.832000000000000142e-02
2.825565912117176948e-02
2.815159574468084971e-02
2.802124833997344036e-02
2.791777188328912335e-02
2.780132450331125951e-02
2.772486772486772513e-02
2.762219286657860082e-02
2.748021108179419386e-02
2.739130434782608564e-02
2.727631578947368324e-02
2.717477003942181391e-02
2.703412073490813611e-02
2.692005242463958031e-02
2.679319371727748728e-02
2.670588235294117652e-02
2.660574412532637142e-02
2.651890482398957041e-02
2.641927083333333454e-02
2.628088426527958391e-02
2.619480519480519437e-02
2.608300907911802885e-02
2.598445595854922269e-02
2.589909443725743957e-02
2.578811369509043799e-02
2.571612903225806504e-02
2.560567010309278482e-02
2.548262548262548305e-02
2.535989717223650214e-02
2.523748395378690515e-02
2.514102564102563969e-02
2.503201024327784963e-02
2.494884910485933513e-02
2.484035759897828752e-02
2.475765306122448828e-02
2.461146496815286647e-02
2.452926208651399348e-02
2.444726810673443496e-02
2.431472081218274267e-02
2.425855513307984684e-02
2.416455696202531728e-02
2.407079646017699220e-02
2.395202020202020360e-02
2.388398486759142625e-02
2.380352644836272041e-02
2.368553459119496912e-02
2.358040201005025260e-02
2.350062735257214472e-02
2.338345864661654089e-02
2.327909887359198848e-02
2.318749999999999978e-02
2.308364544319600406e-02
2.298004987531172133e-02
2.287671232876712160e-02
2.278606965174129195e-02
2.267080745341614953e-02
2.258064516129032126e-02
2.246592317224287497e-02
2.240099009900990007e-02
2.226205191594561247e-02
2.218518518518518626e-02
2.208384710234278722e-02
2.199507389162561749e-02
2.189421894218942025e-02
2.183046683046683048e-02
2.175460122699386656e-02
2.165441176470588383e-02
2.154222766217870136e-02
2.144254278728606466e-02
2.133089133089132935e-02
2.121951219512195272e-02
2.110840438489646614e-02
2.100973236009732320e-02
2.092345078979343867e-02
2.082524271844660158e-02
2.076363636363636259e-02
2.061743341404358512e-02
2.051995163240628861e-02
2.043478260869565147e-02
2.034981905910735953e-02
2.026506024096385444e-02
2.013237063778579999e-02
2.006009615384615405e-02
1.996398559423769384e-02
1.990407673860911109e-02
1.982035928143712628e-02
1.973684210526315680e-02
1.966547192353643864e-02
1.958233890214797213e-02
1.946364719904648474e-02
1.939285714285714224e-02
1.928656361474435227e-02
1.918052256532066374e-02
1.908659549228944319e-02
1.896919431279620732e-02
1.888757396449704251e-02
1.878250591016548607e-02
1.867768595041322324e-02
1.859669811320754582e-02
1.850412249705536000e-02
1.841176470588235317e-02
1.830787309048178754e-02
1.821596244131455308e-02
1.813599062133645912e-02
1.803278688524590292e-02
1.794152046783625831e-02
1.786214953271027944e-02
1.778296382730455011e-02
1.771561771561771734e-02
1.763678696158323470e-02
1.754651162790697716e-02
1.750290360046457758e-02
1.743619489559164806e-02
1.732329084588644236e-02
1.723379629629629567e-02
1.717919075144508714e-02
1.706697459584295695e-02
1.695501730103806184e-02
1.687788018433179771e-02
1.675489067894131087e-02
1.668965517241379273e-02
1.661308840413317986e-02
1.652522935779816501e-02
1.646048109965635858e-02
1.637299771167047974e-02
1.630857142857142922e-02
1.622146118721461139e-02
1.613454960091219997e-02
1.604783599088838164e-02
1.597269624573378899e-02
1.589772727272727171e-02
1.578887627695800197e-02
1.573696145124716533e-02
1.565118912797281922e-02
1.557692307692307675e-02
1.550282485875706211e-02
1.544018058690744925e-02
1.534385569334836483e-02
1.527027027027027042e-02
1.518560179977502742e-02
1.511235955056179810e-02
1.502805836139169474e-02
1.492152466367713086e-02
1.484882418812989886e-02
1.477628635346756210e-02
1.470391061452513970e-02
1.462053571428571438e-02
1.455964325529542948e-02
1.447661469933184814e-02
1.438264738598442685e-02
1.430000000000000021e-02
1.420643729189789185e-02
1.415742793791574354e-02
1.408637873754152794e-02
1.401548672566371723e-02
1.394475138121546894e-02
1.389624724061810229e-02
1.382579933847850016e-02
1.372246696035242346e-02
1.363036303630362975e-02
1.357142857142857109e-02
1.352360043907793567e-02
1.343201754385964924e-02
1.334063526834611095e-02
1.329321663019693636e-02
1.323497267759562827e-02
1.314410480349344906e-02
1.305343511450381654e-02
1.298474945533769145e-02
1.288356909684439632e-02
1.282608695652173898e-02
1.276872964169381043e-02
1.271149674620390517e-02
1.260021668472372652e-02
1.253246753246753213e-02
1.246486486486486460e-02
1.237580993520518390e-02
1.231930960086299875e-02
1.226293103448275815e-02
1.219590958019375719e-02
1.210752688172042971e-02
1.205155746509129974e-02
1.195278969957081459e-02
1.190782422293676368e-02
1.182012847965738765e-02
1.173262032085561554e-02
1.166666666666666720e-02
1.160085378868730074e-02
1.152452025586353859e-02
1.148029818956336490e-02
1.140425531914893674e-02
1.132837407013815093e-02
1.125265392781316272e-02
1.118769883351007459e-02
1.111228813559322036e-02
1.104761904761904744e-02
1.098308668076109981e-02
1.089757127771911333e-02
1.083333333333333370e-02
1.077976817702845126e-02
1.072631578947368450e-02
1.068349106203995806e-02
1.063025210084033584e-02
1.055613850996852017e-02
1.050314465408805006e-02
1.045026178010471235e-02
1.038702928870292863e-02
1.033437826541274904e-02
1.028183716075156511e-02
1.020855057351407677e-02
1.015625000000000035e-02
1.012486992715920867e-02
1.005197505197505219e-02
1.001038421599169219e-02
9.968879668049792503e-03
9.927461139896372536e-03
9.865424430641821923e-03
9.793174767321612476e-03
9.772727272727273207e-03
9.721362229102166810e-03
9.680412371134020436e-03
9.649845520082389258e-03
9.629629629629630344e-03
9.578622816032887274e-03
9.527720739219713159e-03
9.497435897435896682e-03
9.436475409836065850e-03
9.385875127942680876e-03
9.345603271983639673e-03
9.315628192032686036e-03
9.255102040816327175e-03
9.204892966360856896e-03
9.185336048879836485e-03
9.145473041709054063e-03
9.126016260162602214e-03
9.086294416243654096e-03
9.036511156186612798e-03
9.007092198581560447e-03
8.947368421052630943e-03
8.907987866531850638e-03
8.888888888888888881e-03
8.859737638748739139e-03
8.790322580645161879e-03
8.761329305135951220e-03
8.712273641851106531e-03
8.673366834170853981e-03
8.634538152610442274e-03
8.615847542627882993e-03
8.587174348697395113e-03
8.548548548548548162e-03
8.510000000000000203e-03
8.471528471528471521e-03
8.433133732534930926e-03
8.414755732801594904e-03
8.356573705179282108e-03
8.318407960199005260e-03
8.260437375745527389e-03
8.212512413108241996e-03
8.164682539682539472e-03
8.126858275520317323e-03
8.099009900990099264e-03
8.051434223541048193e-03
8.023715415019762320e-03
7.966436327739388062e-03
7.909270216962523831e-03
7.871921182266010050e-03
7.814960629921260254e-03
7.797443461160275154e-03
7.730844793713162640e-03
7.693817468105986629e-03
7.647058823529412179e-03
7.619980411361410369e-03
7.583170254403130695e-03
7.556207233626588242e-03
7.509765625000000382e-03
7.463414634146341153e-03
7.397660818713450680e-03
7.370983446932813897e-03
7.344357976653696427e-03
7.298347910592808789e-03
7.252427184466019375e-03
7.216294859359844403e-03
7.199612403100775181e-03
7.153920619554695118e-03
7.108317214700193669e-03
7.072463768115941699e-03
7.036679536679536426e-03
7.020250723240115814e-03
6.984585741811175606e-03
6.958614051973050982e-03
6.913461538461538464e-03
6.878001921229587312e-03
6.871401151631478278e-03
6.845637583892617319e-03
6.819923371647509946e-03
6.784688995215310860e-03
6.768642447418738405e-03
6.743075453677172502e-03
6.727099236641221648e-03
6.692087702573879492e-03
6.657142857142857133e-03
6.641294005708849035e-03
6.606463878326996123e-03
6.562203228869895218e-03
6.555977229601517645e-03
6.530805687203791038e-03
6.524621212121212502e-03
6.480605487228003996e-03
6.455576559546313993e-03
6.449480642115202646e-03
6.415094339622641299e-03
6.390197926484448426e-03
6.384180790960452233e-03
6.349952963311382773e-03
6.306390977443608950e-03
6.281690140845070346e-03
6.266416510318949772e-03
6.232427366447985256e-03
6.198501872659176182e-03
6.192703461178671563e-03
6.177570093457943924e-03
6.143790849673202992e-03
6.119402985074627252e-03
6.095060577819198105e-03
6.080074487895717299e-03
6.074418604651163171e-03
6.059479553903345493e-03
6.025998142989786102e-03
6.011131725417439946e-03
5.968489341983317965e-03
5.953703703703704109e-03
5.938945420906567574e-03
5.924214417744916479e-03
5.918744228993536895e-03
5.894833948339483695e-03
5.861751152073733061e-03
5.847145488029465571e-03
5.832566697332106954e-03
5.827205882352940944e-03
5.821854912764003707e-03
5.816513761467890196e-03
5.792850595783684969e-03
5.787545787545787974e-03
5.763952424519670423e-03
5.749542961608775093e-03
5.735159817351597952e-03
5.729927007299269806e-03
5.715587967183227008e-03
5.692167577413478723e-03
5.686988171064603914e-03
5.672727272727272861e-03
5.658492279745686027e-03
5.653357531760435511e-03
5.630099728014505839e-03
5.615942028985507206e-03
5.592760180995475124e-03
5.587703435804701642e-03
5.582655826558266011e-03
5.577617328519855408e-03
5.554553651938683861e-03
5.549549549549549939e-03
5.526552655265526415e-03
5.521582733812949347e-03
5.516621743036837118e-03
5.502692998204668229e-03
5.497757847533632503e-03
5.483870967741935262e-03
5.461056401074306302e-03
5.456171735241502341e-03
5.433422698838248806e-03
5.419642857142857248e-03
5.414808206958073196e-03
5.409982174688057234e-03
5.378450578806767170e-03
5.355871886120996787e-03
5.333333333333333155e-03
5.328596802841918494e-03
5.314995563442768446e-03
5.310283687943262096e-03
5.305580159433126268e-03
5.292035398230088283e-03
5.278514588859416733e-03
5.273851590106007001e-03
5.251544571932921512e-03
5.238095238095237874e-03
5.233480176211453838e-03
5.220070422535211078e-03
5.197889182058047265e-03
5.193321616871704634e-03
5.188762071992976226e-03
5.166666666666666630e-03
5.153374233128834442e-03
5.148861646234676251e-03
5.144356955380577703e-03
5.131118881118881467e-03
5.126637554585152835e-03
5.122164048865619247e-03
5.108979947689625163e-03
5.095818815331010394e-03
5.091383812010443800e-03
5.086956521739130314e-03
5.073848827106863628e-03
5.069444444444444128e-03
5.065047701647874823e-03
5.060658578856152244e-03
5.056277056277056446e-03
5.051903114186850896e-03
5.047536732929991041e-03
5.025906735751295082e-03
5.021570319240724507e-03
5.008620689655172466e-03
5.004306632213608753e-03
5.000000000000000104e-03
4.995700773860705171e-03
4.991408934707904088e-03
4.987124463519313107e-03
4.982847341337907042e-03
4.961439588688946328e-03
4.957191780821918088e-03
4.944396920444824733e-03
4.940170940170940037e-03
4.927412467976089241e-03
4.923208191126279831e-03
4.919011082693947219e-03
4.914821124361158297e-03
4.893617021276595348e-03
4.889455782312925394e-03
4.876805437553101072e-03
4.872665534804753416e-03
4.868532654792197094e-03
4.864406779661017109e-03
4.860287891617273530e-03
4.856175972927242145e-03
4.852071005917159459e-03
4.847972972972972895e-03
4.835443037974683327e-03
4.831365935919055589e-03
4.818871103622578145e-03
4.814814814814815172e-03
4.810765349032800758e-03
4.806722689075630141e-03
4.802686817800168317e-03
4.798657718120805452e-03
4.794635373009220082e-03
4.790619765494137129e-03
4.786610878661087635e-03
4.782608695652173711e-03
4.778613199665830875e-03
4.774624373956594739e-03
4.762301918265220840e-03
4.749999999999999882e-03
4.746044962531223606e-03
4.742096505823627239e-03
4.738154613466333785e-03
4.734219269102990339e-03
4.730290456431535638e-03
4.726368159203979749e-03
4.722452361226180291e-03
4.718543046357616053e-03
4.714640198511166683e-03
4.710743801652892380e-03
4.706853839801817055e-03
4.702970297029702811e-03
4.699093157460840914e-03
4.686985172981878237e-03
4.683127572016460710e-03
4.679276315789474006e-03
4.675431388660640855e-03
4.671592775041050888e-03
4.667760459392944657e-03
4.655737704918032870e-03
4.651924651924652272e-03
4.648117839607201693e-03
4.644317252657399579e-03
4.640522875816993804e-03
4.636734693877550897e-03
4.632952691680260887e-03
4.629176854115729135e-03
4.625407166123778578e-03
4.621643612693246764e-03
4.617886178861788961e-03
4.606011372867587633e-03
4.602272727272727418e-03
4.598540145985401638e-03
4.594813614262560630e-03
4.591093117408906465e-03
4.587378640776698657e-03
4.583670169765561610e-03
4.579967689822293797e-03
4.576271186440677811e-03
4.572580645161290411e-03
4.568896051571313434e-03
4.565217391304348185e-03
4.561544650040225482e-03
4.557877813504823510e-03
4.554216867469879602e-03
4.550561797752808967e-03
4.546912590216519931e-03
4.543269230769230935e-03
4.539631705364291850e-03
4.536000000000000101e-03
4.532374100719424592e-03
4.528753993610223558e-03
4.525139664804469358e-03
4.521531100478468936e-03
4.517928286852589473e-03
4.514331210191083188e-03
4.510739856801909524e-03
4.507154213036566014e-03
4.503574265289912205e-03
4.499999999999999660e-03
4.496431403647898478e-03
4.492868462757528165e-03
4.489311163895486761e-03
4.477848101265822535e-03
4.474308300395257038e-03
4.470774091627172271e-03
4.459352801894238272e-03
4.447949526813880367e-03
4.444444444444444441e-03
4.440944881889763961e-03
4.437450826121164434e-03
4.433962264150943799e-03
4.430479183032207634e-03
4.427001569858713022e-03
4.423529411764705495e-03
4.420062695924764640e-03
4.408770555990602739e-03
4.405320813771517949e-03
4.401876465989053647e-03
4.398437499999999570e-03
4.395003903200624291e-03
4.391575663026520832e-03
4.388152766952454868e-03
4.384735202492212082e-03
4.381322957198443765e-03
4.377916018662519372e-03
4.374514374514374727e-03
4.371118012422360241e-03
4.367726920093095190e-03
4.364341085271317665e-03
4.360960495739736251e-03
4.357585139318885178e-03
4.354215003866976005e-03
4.350850077279752766e-03
4.347490347490347122e-03
4.344135802469136116e-03
4.340786430223592986e-03
4.337442218798150985e-03
4.334103156274056803e-03
4.330769230769230919e-03
4.327440430438124486e-03
4.324116743471582286e-03
4.320798158096699620e-03
4.317484662576686998e-03
4.314176245210727886e-03
4.310872894333843408e-03
4.292272379495027171e-03
4.288990825688073806e-03
4.285714285714285927e-03
4.282442748091603441e-03
4.279176201372998124e-03
4.275914634146341792e-03
4.272658035034272717e-03
4.269406392694063794e-03
4.266159695817490702e-03
4.262917933130699194e-03
4.259681093394077599e-03
4.256449165402124112e-03
4.253222137983321029e-03
4.250000000000000305e-03
4.246782740348221258e-03
4.243570347957639592e-03
4.240362811791383371e-03
4.237160120845921175e-03
4.233962264150943275e-03
4.230769230769230657e-03
4.227581009796533597e-03
4.224397590361445888e-03
4.221218961625282547e-03
4.218045112781954910e-03
4.207362885048835516e-03
4.204204204204204341e-03
4.201050262565641548e-03
4.197901049475261971e-03
4.194756554307115838e-03
4.191616766467065602e-03
4.188481675392670585e-03
4.185351270553064676e-03
4.182225541448842711e-03
4.171641791044775928e-03
4.168530947054436761e-03
4.165424739195231103e-03
4.162323157110945672e-03
4.159226190476190618e-03
4.156133828996282434e-03
4.153046062407132061e-03
4.149962880475129533e-03
4.146884272997032952e-03
4.143810229799851398e-03
4.140740740740740840e-03
4.137675795706883576e-03
4.134615384615385018e-03
4.131559497413155729e-03
4.128508124076809074e-03
4.125461254612545862e-03
4.122418879056046793e-03
4.112011790714811821e-03
4.108983799705449511e-03
4.105960264900662682e-03
4.102941176470587849e-03
4.099926524614254213e-03
4.096916299559471772e-03
4.093910491562728973e-03
4.090909090909091231e-03
4.087912087912088169e-03
4.084919472913616477e-03
4.081931236283833225e-03
4.078947368421052648e-03
4.075967859751643795e-03
4.072992700729927314e-03
4.070021881838073972e-03
4.067055393586005776e-03
4.064093226511289285e-03
4.061135371179039333e-03
4.058181818181818418e-03
4.055232558139535218e-03
4.052287581699346580e-03
4.049346879535558642e-03
4.046410442349528819e-03
4.043478260869565188e-03
4.040550325850832819e-03
4.037626628075253153e-03
4.034707158351410333e-03
4.031791907514450587e-03
4.028880866425992892e-03
4.025974025974025754e-03
4.023071377072818741e-03
4.020172910662824471e-03
4.017278617710583200e-03
4.014388489208633483e-03
4.011502516175413299e-03
4.008620689655172445e-03
4.005743000717875389e-03
4.002869440459110202e-03
4.000000000000000083e-03
3.997134670487106217e-03
3.994273443092341037e-03
3.991416309012875419e-03
3.988563259471051073e-03
3.985714285714286008e-03
3.982869379014989525e-03
3.980028530670471146e-03
3.977191732002851275e-03
3.974358974358974464e-03
3.971530249110320071e-03
3.968705547652916395e-03
3.965884861407249599e-03
3.963068181818182184e-03
3.960255500354861909e-03
3.957446808510638528e-03
3.954642097802976188e-03
3.951841359773371025e-03
3.949044585987260964e-03
3.946251768033945916e-03
3.943462897526501913e-03
3.940677966101695240e-03
3.937896965419900898e-03
3.935119887165021077e-03
3.932346723044397550e-03
3.929577464788732745e-03
3.926812104152005607e-03
3.924050632911392673e-03
3.921293042867182201e-03
3.918539325842696971e-03
3.915789473684210160e-03
3.913043478260869873e-03
3.910301331464610675e-03
3.907563025210084202e-03
3.904828551434569826e-03
3.902097902097902225e-03
3.899371069182389852e-03
3.896648044692737310e-03
3.886950453593859215e-03
3.884239888423988724e-03
3.881533101045296207e-03
3.878830083565459452e-03
3.876130828114126518e-03
3.873435326842837242e-03
3.870743571924947779e-03
3.868055555555555570e-03
3.865371269951422585e-03
3.862690707350901597e-03
3.860013860013859852e-03
3.857340720221606647e-03
3.854671280276816565e-03
3.852005532503457921e-03
3.849343469246717300e-03
3.846685082872927999e-03
3.844030365769496305e-03
3.841379310344827762e-03
3.838731909028256489e-03
3.836088154269972315e-03
3.833448038540949662e-03
3.830811554332874680e-03
3.828178694158075428e-03
3.825549450549450749e-03
3.822923816060398283e-03
3.820301783264746370e-03
3.817683344756682504e-03
3.815068493150684803e-03
3.812457221081450888e-03
3.809849521203830230e-03
3.807245386192754759e-03
3.804644808743169477e-03
3.802047781569965670e-03
3.799454297407912819e-03
3.796864349011588348e-03
3.794277929155313433e-03
3.791695030633083618e-03
3.789115646258503327e-03
3.786539768864717777e-03
3.783967391304347925e-03
3.781398506449422815e-03
3.778833107191316258e-03
3.776271186440677882e-03
3.773712737127371108e-03
3.771157752200406370e-03
3.768606224627875628e-03
3.766058147396889912e-03
3.763513513513513410e-03
3.760972316002701016e-03
3.758434547908231973e-03
3.755900202292650029e-03
3.753369272237196651e-03
3.750841750841750737e-03
3.748317631224764440e-03
3.745796906523201145e-03
3.743279569892473020e-03
3.740765614506380305e-03
3.738255033557047122e-03
3.735747820254862496e-03
3.733243967828418341e-03
3.730743469524447440e-03
3.728246318607764467e-03
3.725752508361203971e-03
3.723262032085561390e-03
3.720774883099532346e-03
3.718291054739652785e-03
3.715810540360240007e-03
3.713333333333333243e-03
3.710859427048634248e-03
3.708388814913448749e-03
3.705921490352627901e-03
3.703457446808510606e-03
3.700996677740863664e-03
3.698539176626825832e-03
3.696084936960849273e-03
3.693633952254641879e-03
3.691186216037110456e-03
3.688741721854304784e-03
3.686300463269358198e-03
3.683862433862433814e-03
3.681427627230667715e-03
3.678996036988110840e-03
3.676567656765676508e-03
3.674142480211081870e-03
3.671720500988793698e-03
3.669301712779973745e-03
3.666886109282422798e-03
3.664473684210526466e-03
3.662064431295200539e-03
3.659658344283837211e-03
3.657255416940249568e-03
3.654855643044619545e-03
3.652459016393442420e-03
3.650065530799475634e-03
3.647675180091682848e-03
3.645287958115183205e-03
3.642903858731196681e-03
3.640522875816993350e-03
3.638145003265839169e-03
3.635770234986945241e-03
3.633398564905414036e-03
3.631029986962190387e-03
3.628664495114006412e-03
3.626302083333333374e-03
3.623942745608327905e-03
3.621586475942783004e-03
3.619233268356075554e-03
3.616883116883116891e-03
3.614536015574302489e-03
3.612191958495460358e-03
3.609850939727802903e-03
3.607512953367875749e-03
3.605177993527508302e-03
3.602846054333764744e-03
3.600517129928894593e-03
3.598191214470284130e-03
3.595868302130406525e-03
3.593548387096774134e-03
3.591231463571889059e-03
3.588917525773195876e-03
3.586606567933032629e-03
3.584298584298584427e-03
3.581993569131832703e-03
3.579691516709511412e-03
3.577392421323057157e-03
3.575096277278562353e-03
3.572803078896728823e-03
3.570512820512820526e-03
3.568225496476617586e-03
3.565941101152368588e-03
3.563659628918745912e-03
3.561381074168798021e-03
3.559105431309904366e-03
3.556832694763729409e-03
3.554562858966177526e-03
3.552295918367347032e-03
3.550031867431485081e-03
3.547770700636942564e-03
3.545512412476129870e-03
3.543256997455470920e-03
3.541004450095359361e-03
3.538754764930114333e-03
3.536507936507936670e-03
3.534263959390862922e-03
3.532022828154724164e-03
3.529784537389100019e-03
3.527549081697276597e-03
3.525316455696202687e-03
3.523086654016445093e-03
3.520859671302149167e-03
3.518635502210991969e-03
3.516414141414141506e-03
3.514195583596214662e-03
3.511979823455233397e-03
3.509766855702583545e-03
3.507556675062972317e-03
3.505349276274386233e-03
3.503144654088050352e-03
3.500942803268384477e-03
3.498743718592964985e-03
3.496547394852479729e-03
3.494353826850690303e-03
3.492163009404388677e-03
3.489974937343358601e-03
3.487789605510331799e-03
3.485607008760951107e-03
3.483427141963727543e-03
3.481249999999999969e-03
