0.000000000000000000e+00
3.100000000000000089e+00
1.550000000000000044e+00
1.033333333333333437e+00
7.750000000000000222e-01
6.199999999999999956e-01
5.166666666666667185e-01
4.428571428571428381e-01
3.875000000000000111e-01
3.444444444444444420e-01
3.099999999999999978e-01
5.281818181818181968e-01
4.841666666666666896e-01
4.469230769230769229e-01
4.149999999999999800e-01
3.873333333333333073e-01
3.631249999999999756e-01
3.417647058823529149e-01
3.227777777777777746e-01
3.057894736842104999e-01
2.904999999999999805e-01
3.804761904761904678e-01
3.631818181818181612e-01
3.473913043478261131e-01
3.329166666666666941e-01
3.195999999999999952e-01
3.073076923076922817e-01
2.959259259259259256e-01
2.853571428571428648e-01
2.755172413793103292e-01
2.663333333333333108e-01
3.164516129032258207e-01
3.065625000000000155e-01
2.972727272727272996e-01
2.885294117647058676e-01
2.802857142857143047e-01
2.725000000000000200e-01
2.651351351351351471e-01
2.581578947368420862e-01
2.515384615384615441e-01
2.452499999999999958e-01
2.756097560975609984e-01
2.690476190476190355e-01
2.627906976744185941e-01
2.568181818181818343e-01
2.511111111111111183e-01
2.456521739130434756e-01
2.404255319148936032e-01
2.354166666666666630e-01
2.306122448979591733e-01
2.260000000000000064e-01
2.403921568627450933e-01
2.357692307692307587e-01
2.313207547169811307e-01
2.270370370370370372e-01
2.229090909090909178e-01
2.189285714285714168e-01
2.150877192982456054e-01
2.113793103448275978e-01
2.077966101694915246e-01
2.043333333333333390e-01
2.136065573770491721e-01
2.101612903225806572e-01
2.068253968253968289e-01
2.035937499999999900e-01
2.004615384615384688e-01
1.974242424242424188e-01
1.944776119402985004e-01
1.916176470588235314e-01
1.888405797101449235e-01
1.861428571428571377e-01
1.928169014084507027e-01
1.901388888888888851e-01
1.875342465753424559e-01
1.849999999999999978e-01
1.825333333333333252e-01
1.801315789473684204e-01
1.777922077922077793e-01
1.755128205128205221e-01
1.732911392405063200e-01
1.711249999999999993e-01
1.746913580246913511e-01
1.725609756097560843e-01
1.704819277108433617e-01
1.684523809523809645e-01
1.664705882352941202e-01
1.645348837209302251e-01
1.626436781609195414e-01
1.607954545454545470e-01
1.589887640449438311e-01
1.572222222222222354e-01
1.596703296703296804e-01
1.579347826086956452e-01
1.562365591397849585e-01
1.545744680851063868e-01
1.529473684210526374e-01
1.513541666666666785e-01
1.497938144329896970e-01
1.482653061224489810e-01
1.467676767676767691e-01
1.453000000000000125e-01
1.468316831683168233e-01
1.453921568627450922e-01
1.439805825242718440e-01
1.425961538461538447e-01
1.412380952380952459e-01
1.399056603773584928e-01
1.385981308411214918e-01
1.373148148148148062e-01
1.360550458715596434e-01
1.348181818181818092e-01
1.354954954954954993e-01
1.342857142857142860e-01
1.330973451327433499e-01
1.319298245614035081e-01
1.307826086956521694e-01
1.296551724137930961e-01
1.285470085470085400e-01
1.274576271186440568e-01
1.263865546218487512e-01
1.253333333333333244e-01
1.260330578512396660e-01
1.250000000000000000e-01
1.239837398373983685e-01
1.229838709677419373e-01
1.219999999999999973e-01
1.210317460317460320e-01
1.200787401574803098e-01
1.191406250000000000e-01
1.182170542635658933e-01
1.173076923076923073e-01
1.174809160305343575e-01
1.165909090909090923e-01
1.157142857142857140e-01
1.148507462686567115e-01
1.140000000000000041e-01
1.131617647058823506e-01
1.123357664233576581e-01
1.115217391304347827e-01
1.107194244604316480e-01
1.099285714285714310e-01
1.098581560283687919e-01
1.090845070422535174e-01
1.083216783216783274e-01
1.075694444444444398e-01
1.068275862068965576e-01
1.060958904109589040e-01
1.053741496598639416e-01
1.046621621621621617e-01
1.039597315436241592e-01
1.032666666666666733e-01
1.033774834437086038e-01
1.026973684210526344e-01
1.020261437908496771e-01
1.013636363636363641e-01
1.007096774193548400e-01
1.000641025641025583e-01
9.942675159235668525e-02
9.879746835443037334e-02
9.817610062893081246e-02
9.756249999999999645e-02
9.757763975155279990e-02
9.697530864197530243e-02
9.638036809815950234e-02
9.579268292682927011e-02
9.521212121212120627e-02
9.463855421686746816e-02
9.407185628742514849e-02
9.351190476190476830e-02
9.295857988165680263e-02
9.241176470588234604e-02
9.233918128654970692e-02
9.180232558139535259e-02
9.127167630057803072e-02
9.074712643678160828e-02
9.022857142857142188e-02
8.971590909090909616e-02
8.920903954802260338e-02
8.870786516853933212e-02
8.821229050279329187e-02
8.772222222222221533e-02
8.779005524861878407e-02
8.730769230769230838e-02
8.683060109289617023e-02
8.635869565217391131e-02
8.589189189189189166e-02
8.543010752688172393e-02
8.497326203208556417e-02
8.452127659574468210e-02
8.407407407407407884e-02
8.363157894736841791e-02
8.361256544502618238e-02
8.317708333333333204e-02
8.274611398963729880e-02
8.231958762886597281e-02
8.189743589743589403e-02
8.147959183673469941e-02
8.106598984771573591e-02
8.065656565656566246e-02
8.025125628140702960e-02
7.985000000000000431e-02
9.164179104477611360e-02
9.118811881188118584e-02
9.073891625615763956e-02
9.029411764705883026e-02
8.985365853658536239e-02
8.941747572815533784e-02
8.898550724637681320e-02
8.855769230769230949e-02
8.813397129186602286e-02
8.771428571428571686e-02
9.578199052132702063e-02
9.533018867924528128e-02
9.488262910798121730e-02
9.443925233644859252e-02
9.400000000000000022e-02
9.356481481481480900e-02
9.313364055299538924e-02
9.270642201834862484e-02
9.228310502283104677e-02
9.186363636363636953e-02
9.832579185520362586e-02
9.788288288288288230e-02
9.744394618834080479e-02
9.700892857142856540e-02
9.657777777777777628e-02
9.615044247787610243e-02
9.572687224669602923e-02
9.530701754385964564e-02
9.489082969432315051e-02
9.447826086956521985e-02
9.956709956709956788e-02
9.913793103448276245e-02
9.871244635193132666e-02
9.829059829059828834e-02
9.787234042553191737e-02
9.745762711864407180e-02
9.704641350210969908e-02
9.663865546218487756e-02
9.623430962343096362e-02
9.583333333333333981e-02
9.917012448132779545e-02
9.876033057851239805e-02
9.835390946502058085e-02
9.795081967213115082e-02
9.755102040816326925e-02
9.715447154471544555e-02
9.676113360323886081e-02
9.637096774193548709e-02
9.598393574297188480e-02
9.560000000000000442e-02
9.788844621513943800e-02
9.750000000000000333e-02
9.711462450592885098e-02
9.673228346456692883e-02
9.635294117647058565e-02
9.597656250000000111e-02
9.560311284046692226e-02
9.523255813953487858e-02
9.486486486486486736e-02
9.450000000000000067e-02
9.616858237547892818e-02
9.580152671755724769e-02
9.543726235741445407e-02
9.507575757575757736e-02
9.471698113207546732e-02
9.436090225563910361e-02
9.400749063670411909e-02
9.365671641791044333e-02
9.330855018587361216e-02
9.296296296296296946e-02
9.409594095940959635e-02
9.375000000000000000e-02
9.340659340659340781e-02
9.306569343065693167e-02
9.272727272727272763e-02
9.239130434782608092e-02
9.205776173285198927e-02
9.172661870503596993e-02
9.139784946236559349e-02
9.107142857142856707e-02
9.185053380782917665e-02
9.152482269503546541e-02
9.120141342756184211e-02
9.088028169014084057e-02
9.056140350877192602e-02
9.024475524475523980e-02
8.993031358885017479e-02
8.961805555555556191e-02
8.930795847750865046e-02
8.899999999999999578e-02
8.945017182130583777e-02
8.914383561643834941e-02
8.883959044368600066e-02
8.853741496598639682e-02
8.823728813559321427e-02
8.793918918918919303e-02
8.764309764309764772e-02
8.734899328859060952e-02
8.705685618729097630e-02
8.676666666666667249e-02
8.734219269102989902e-02
8.705298013245033051e-02
8.676567656765676873e-02
8.648026315789474061e-02
8.619672131147540495e-02
8.591503267973855940e-02
8.563517915309445949e-02
8.535714285714285365e-02
8.508090614886731906e-02
8.480645161290321921e-02
8.514469453376205532e-02
8.487179487179487281e-02
8.460063897763578367e-02
8.433121019108280603e-02
8.406349206349206238e-02
8.379746835443037389e-02
8.353312302839116521e-02
8.327044025157233353e-02
8.300940438871473592e-02
8.275000000000000411e-02
8.305295950155763829e-02
8.279503105590062251e-02
8.253869969040247834e-02
8.228395061728395465e-02
8.203076923076922655e-02
8.177914110429447547e-02
8.152905198776758122e-02
8.128048780487805158e-02
8.103343465045592664e-02
8.078787878787878352e-02
8.093655589123867344e-02
8.069277108433735302e-02
8.045045045045044751e-02
8.020958083832335772e-02
7.997014925373134575e-02
7.973214285714286254e-02
7.949554896142432825e-02
7.926035502958579670e-02
7.902654867256636573e-02
7.879411764705882004e-02
7.897360703812317251e-02
7.874269005847953085e-02
7.851311953352770046e-02
7.828488372093023173e-02
7.805797101449275799e-02
7.783236994219652760e-02
7.760806916426513102e-02
7.738505747126436796e-02
7.716332378223496324e-02
7.694285714285714617e-02
7.700854700854700696e-02
7.678977272727272041e-02
7.657223796033994778e-02
7.635593220338983411e-02
7.614084507042254146e-02
7.592696629213482873e-02
7.571428571428572007e-02
7.550279329608938772e-02
7.529247910863509641e-02
7.508333333333333526e-02
7.518005540166204648e-02
7.497237569060773155e-02
7.476584022038566812e-02
7.456043956043956200e-02
7.435616438356164315e-02
7.415300546448087837e-02
7.395095367847411005e-02
7.374999999999999611e-02
7.355013550135501565e-02
7.335135135135134599e-02
7.331536388140161287e-02
7.311827956989247479e-02
7.292225201072385921e-02
7.272727272727272374e-02
7.253333333333333854e-02
7.234042553191488700e-02
7.214854111405835657e-02
7.195767195767195645e-02
7.176781002638522866e-02
7.157894736842104755e-02
7.152230971128609172e-02
7.133507853403141252e-02
7.114882506527414607e-02
7.096354166666667129e-02
7.077922077922077504e-02
7.059585492227979375e-02
7.041343669250646475e-02
7.023195876288659822e-02
7.005141388174807027e-02
6.987179487179487336e-02
6.982097186700766955e-02
6.964285714285714524e-02
6.946564885496182840e-02
6.928934010152283662e-02
6.911392405063290778e-02
6.893939393939393923e-02
6.876574307304786360e-02
6.859296482412059748e-02
6.842105263157895190e-02
6.825000000000000511e-02
7.394014962593516149e-02
7.375621890547263970e-02
7.357320099255583445e-02
7.339108910891088688e-02
7.320987654320987303e-02
7.302955665024631060e-02
7.285012285012285038e-02
7.267156862745098589e-02
7.249388753056235091e-02
7.231707317073170216e-02
7.299270072992700142e-02
7.281553398058251969e-02
7.263922518159805775e-02
7.246376811594203160e-02
7.228915662650602092e-02
7.211538461538460898e-02
7.194244604316546443e-02
7.177033492822966487e-02
7.159904534606205406e-02
7.142857142857142461e-02
7.125890736342042897e-02
7.109004739336492740e-02
7.092198581560284210e-02
7.075471698113207364e-02
7.058823529411764608e-02
7.042253521126760896e-02
7.025761124121779333e-02
7.009345794392522755e-02
6.993006993006993521e-02
6.976744186046511531e-02
6.960556844547563515e-02
6.944444444444444753e-02
6.928406466512701534e-02
6.912442396313364656e-02
6.896551724137930939e-02
6.880733944954128822e-02
6.864988558352402848e-02
6.849315068493150305e-02
6.833712984054669815e-02
6.818181818181817677e-02
6.802721088435374763e-02
6.787330316742080927e-02
6.772009029345373021e-02
6.756756756756757132e-02
6.741573033707864981e-02
6.726457399103139001e-02
6.711409395973154390e-02
6.696428571428571230e-02
6.681514476614699993e-02
6.666666666666666574e-02
6.651884700665187944e-02
6.637168141592920956e-02
6.622516556291391243e-02
6.607929515418502209e-02
6.593406593406593574e-02
6.578947368421052266e-02
6.564551422319474250e-02
6.550218340611353718e-02
6.535947712418301025e-02
6.521739130434782428e-02
6.507592190889370520e-02
6.493506493506492894e-02
6.479481641468683162e-02
6.465517241379310776e-02
6.451612903225806273e-02
6.437768240343347270e-02
6.423982869379014915e-02
6.410256410256409687e-02
6.396588486140725172e-02
6.382978723404254817e-02
6.369426751592356661e-02
6.355932203389830226e-02
6.342494714587737503e-02
6.329113924050633333e-02
6.315789473684210731e-02
6.302521008403361158e-02
6.289308176100628922e-02
6.276150627615062483e-02
6.263048016701461274e-02
6.250000000000000000e-02
6.237006237006237352e-02
6.224066390041493868e-02
6.211180124223602411e-02
6.198347107438016701e-02
6.185567010309278579e-02
6.172839506172839164e-02
6.160164271047227635e-02
6.147540983606557263e-02
6.134969325153374203e-02
6.122448979591836593e-02
6.109979633401221855e-02
6.097560975609755962e-02
6.085192697768762593e-02
6.072874493927125222e-02
6.060606060606060774e-02
6.048387096774193727e-02
6.036217303822937613e-02
6.024096385542168641e-02
6.012024048096192147e-02
5.999999999999999778e-02
5.988023952095808400e-02
5.976095617529880721e-02
5.964214711729622087e-02
5.952380952380952051e-02
5.940594059405940319e-02
5.928853754940711235e-02
5.917159763313609155e-02
5.905511811023621965e-02
5.893909626719057160e-02
5.882352941176470507e-02
5.870841487279843118e-02
5.859375000000000000e-02
5.847953216374268681e-02
5.836575875486381404e-02
5.825242718446602130e-02
5.813953488372092943e-02
5.802707930367504569e-02
5.791505791505791728e-02
5.780346820809248443e-02
5.769230769230769551e-02
5.758157389635316925e-02
5.747126436781609116e-02
5.736137667304015003e-02
5.725190839694656308e-02
5.714285714285714107e-02
5.703422053231939348e-02
5.692599620493358353e-02
5.681818181818181629e-02
5.671077504725897944e-02
5.660377358490566169e-02
5.649717514124293766e-02
5.639097744360901943e-02
5.628517823639774681e-02
5.617977528089887485e-02
5.607476635514018620e-02
5.597014925373134525e-02
5.586592178770949380e-02
5.576208178438661622e-02
5.565862708719851448e-02
5.555555555555555247e-02
5.545286506469501026e-02
5.535055350553505504e-02
5.524861878453038444e-02
5.514705882352941013e-02
5.504587155963303058e-02
5.494505494505494414e-02
5.484460694698354427e-02
5.474452554744525801e-02
5.464480874316939712e-02
5.454545454545454281e-02
5.444646098003629725e-02
5.434782608695652023e-02
5.424954792043399504e-02
5.415162454873646142e-02
5.405405405405405705e-02
5.395683453237409832e-02
5.385996409335726959e-02
5.376344086021505458e-02
5.366726296958854864e-02
5.357142857142856845e-02
5.347593582887700397e-02
5.338078291814946780e-02
5.328596802841917973e-02
5.319148936170212810e-02
5.309734513274336209e-02
5.300353356890459555e-02
5.291005291005290712e-02
5.281690140845070325e-02
5.272407732864674984e-02
5.263157894736841813e-02
5.253940455341506166e-02
5.244755244755244794e-02
5.235602094240837667e-02
5.226480836236933880e-02
5.217391304347825803e-02
5.208333333333333565e-02
5.199306759098786673e-02
5.190311418685120831e-02
5.181347150259067030e-02
5.172413793103448204e-02
5.163511187607573022e-02
5.154639175257731687e-02
5.145797598627787489e-02
5.136986301369862729e-02
5.128205128205128027e-02
5.119453924914675602e-02
5.110732538330493846e-02
5.102040816326530726e-02
5.093378607809847386e-02
5.084745762711864736e-02
5.076142131979695382e-02
5.067567567567567849e-02
5.059021922428330598e-02
5.050505050505050414e-02
5.042016806722689204e-02
5.033557046979865446e-02
5.025125628140703765e-02
5.016722408026755980e-02
5.008347245409015130e-02
5.000000000000000278e-02
4.991680532445923191e-02
4.983388704318936907e-02
4.970149253731342975e-02
4.948675496688741821e-02
4.927272727272727360e-02
4.905940594059406135e-02
4.883031301482701481e-02
4.860197368421052821e-02
4.837438423645320368e-02
4.814754098360655987e-02
4.793780687397708462e-02
4.772875816993463888e-02
4.752039151712887655e-02
4.732899022801302646e-02
4.708943089430894097e-02
4.689935064935064901e-02
4.674230145867099007e-02
4.652103559870550409e-02
4.631663974151857543e-02
4.612903225806451457e-02
4.590982286634460313e-02
4.567524115755627195e-02
4.547351524879614942e-02
4.524038461538461287e-02
4.505599999999999883e-02
4.487220447284345076e-02
4.470494417862838632e-02
4.452229299363057169e-02
4.427662957074721822e-02
4.407936507936507931e-02
4.388272583201267840e-02
4.365506329113923861e-02
4.345971563981042979e-02
4.324921135646687953e-02
4.303937007874016063e-02
4.286163522012578775e-02
4.265306122448979387e-02
4.250783699059561271e-02
4.228482003129890171e-02
4.209374999999999922e-02
4.195007800312012397e-02
4.172897196261682318e-02
4.150855365474338809e-02
4.133540372670807539e-02
4.114728682170542412e-02
4.094427244582043296e-02
4.077279752704791177e-02
4.060185185185185425e-02
4.044684129429892278e-02
4.023076923076922967e-02
4.007680491551459528e-02
3.986196319018404932e-02
3.969372128637059516e-02
3.949541284403669528e-02
3.935877862595419524e-02
3.917682926829268303e-02
3.898021308980213068e-02
3.882978723404255372e-02
3.864946889226100052e-02
3.843939393939393989e-02
3.822995461422087904e-02
3.806646525679758392e-02
3.788838612368024272e-02
3.771084337349397270e-02
3.753383458646616239e-02
3.732732732732732539e-02
3.713643178410794277e-02
3.699101796407185810e-02
3.684603886397608274e-02
3.667164179104477617e-02
3.648286140089419122e-02
3.630952380952381237e-02
3.613670133729569162e-02
3.597922848664688450e-02
3.582222222222222058e-02
3.562130177514792606e-02
3.545051698670605850e-02
3.528023598820059087e-02
3.512518409425625932e-02
3.501470588235294085e-02
3.483113069016152696e-02
3.464809384164222600e-02
3.452415812591508315e-02
3.438596491228070040e-02
3.423357664233576958e-02
3.405247813411078905e-02
3.388646288209606894e-02
3.370639534883720922e-02
3.354136429608127468e-02
3.337681159420290145e-02
3.321273516642547080e-02
3.307803468208092568e-02
3.291486291486291765e-02
3.273775216138328364e-02
3.264748201438848890e-02
3.244252873563218537e-02
3.228120516499282527e-02
3.210601719197708065e-02
3.193133047210300335e-02
3.178571428571428520e-02
3.161198288159771524e-02
3.146723646723646739e-02
3.132290184921764087e-02
3.112215909090908922e-02
3.100709219858156090e-02
3.086402266288951896e-02
3.073550212164073703e-02
3.055084745762711926e-02
3.039492242595204577e-02
3.025352112676056235e-02
3.009845288326300911e-02
2.998595505617977428e-02
2.983169705469845834e-02
2.966386554621848817e-02
2.945454545454545547e-02
2.934357541899441230e-02
2.921896792189679348e-02
2.909470752089136567e-02
2.888734353268428492e-02
2.877777777777777712e-02
2.862690707350901489e-02
2.847645429362881050e-02
2.834024896265560298e-02
2.816298342541436600e-02
2.804137931034482792e-02
2.786501377410468411e-02
2.771664374140302492e-02
2.754120879120879051e-02
2.742112482853223746e-02
2.727397260273972668e-02
2.712722298221614120e-02
2.700819672131147403e-02
2.687585266030013617e-02
2.673024523160762861e-02
2.659863945578231151e-02
2.646739130434782455e-02
2.630936227951153478e-02
2.619241192411924171e-02
2.607577807848443854e-02
2.591891891891891925e-02
2.581646423751686806e-02
2.570080862533692667e-02
2.553162853297442914e-02
2.541666666666666727e-02
2.524832214765100613e-02
2.514745308310991842e-02
2.504685408299866037e-02
2.491978609625668598e-02
2.477970627503337658e-02
2.466666666666666660e-02
2.451398135818907975e-02
2.436170212765957285e-02
2.426294820717131429e-02
2.413793103448275829e-02
2.400000000000000050e-02
2.388888888888889006e-02
2.376486129458388330e-02
2.364116094986807443e-02
2.353096179183135697e-02
2.340789473684210670e-02
2.327201051248357563e-02
2.312335958005249173e-02
2.301441677588466489e-02
2.289267015706806380e-02
2.277124183006535782e-02
2.270234986945169828e-02
2.259452411994784804e-02
2.248697916666666727e-02
2.236671001300390149e-02
2.223376623376623409e-02
2.215304798962386412e-02
2.204663212435233055e-02
2.190168175937904152e-02
2.179586563307493383e-02
2.165161290322580728e-02
2.154639175257731798e-02
2.142857142857142877e-02
2.128534704370179872e-02
2.114249037227214356e-02
2.102564102564102519e-02
2.089628681177976843e-02
2.079283887468030834e-02
2.071519795657726648e-02
2.059948979591836801e-02
2.047133757961783554e-02
2.033078880407124603e-02
2.021601016518424429e-02
2.010152284263959366e-02
2.000000000000000042e-02
1.988607594936708800e-02
1.977243994943109900e-02
1.969696969696969543e-02
1.958385876418663324e-02
1.947103274559193811e-02
1.937106918238993766e-02
1.924623115577889579e-02
1.917189460476787996e-02
1.903508771929824511e-02
1.891113892365456697e-02
1.880000000000000074e-02
1.871410736579275785e-02
1.864089775561097312e-02
1.850560398505603915e-02
1.838308457711442662e-02
1.826086956521739274e-02
1.818858560794044815e-02
1.805452292441140152e-02
1.795792079207920652e-02
1.786155747836835547e-02
1.777777777777777776e-02
1.769420468557336701e-02
1.758620689655172528e-02
1.749077490774907789e-02
1.738329238329238205e-02
1.730061349693251538e-02
1.721813725490196206e-02
1.712362301101591142e-02
1.704156479217603867e-02
1.694749694749694835e-02
1.684146341463414742e-02
1.672350791717417892e-02
1.661800486618005002e-02
1.651275820170109224e-02
1.641990291262136054e-02
1.630303030303030185e-02
1.616222760290557045e-02
1.608222490931076123e-02
1.600241545893719974e-02
1.588661037394451317e-02
1.583132530120481829e-02
1.575210589651022952e-02
1.563701923076923211e-02
1.554621848739495826e-02
1.547961630695443569e-02
1.540119760479041928e-02
1.529904306220095621e-02
1.520908004778972512e-02
1.513126491646778031e-02
1.502979737783075032e-02
1.492857142857142820e-02
1.483947681331747835e-02
1.475059382422802892e-02
1.468564650059311916e-02
1.460900473933649316e-02
1.450887573964497121e-02
1.440898345153664335e-02
1.433293978748524135e-02
1.422169811320754713e-02
1.414605418138987006e-02
1.407058823529411772e-02
1.397179788484136272e-02
1.389671361502347463e-02
1.382180539273153604e-02
1.375878220140515189e-02
1.366081871345029182e-02
1.360981308411214966e-02
1.350058343057176230e-02
1.343822843822843789e-02
1.334109429569266606e-02
1.325581395348837156e-02
1.319396051103368175e-02
1.309744779582366556e-02
1.302433371958285069e-02
1.295138888888888902e-02
1.286705202312138710e-02
1.278290993071593516e-02
1.271049596309111948e-02
1.262672811059907876e-02
1.253164556962025299e-02
1.245977011494252794e-02
1.238805970149253755e-02
1.232798165137614747e-02
1.226804123711340219e-02
1.221967963386727703e-02
1.212571428571428654e-02
1.206621004566209993e-02
1.201824401368301043e-02
1.193621867881549010e-02
1.184300341296928329e-02
1.178409090909090899e-02
1.171396140749148690e-02
1.165532879818594048e-02
1.156285390713476802e-02
1.147058823529411783e-02
1.140112994350282564e-02
1.134311512415349908e-02
1.126268320180383309e-02
1.119369369369369385e-02
1.115860517435320574e-02
1.112359550561797805e-02
1.106621773288439872e-02
1.100896860986547154e-02
1.092945128779395335e-02
1.086129753914988859e-02
1.080446927374301667e-02
1.077008928571428562e-02
1.071348940914158311e-02
1.064587973273942167e-02
1.061179087875417128e-02
1.055555555555555587e-02
1.052164261931187554e-02
1.045454545454545421e-02
1.042081949058693176e-02
1.035398230088495526e-02
1.029834254143646363e-02
1.024282560706401765e-02
1.020948180815876502e-02
1.013215859030837038e-02
1.008800880088008868e-02
1.004395604395604338e-02
1.000000000000000021e-02
9.934210526315790171e-03
9.879518072289155892e-03
9.835886214442013040e-03
9.781420765027321745e-03
9.737991266375546281e-03
9.672846237731734173e-03
9.640522875816993909e-03
9.575625680087051714e-03
9.499999999999999764e-03
9.435396308360478185e-03
9.403470715835141741e-03
9.371614301191766305e-03
9.318181818181817469e-03
9.286486486486486558e-03
9.211663066954643361e-03
9.169363538295576335e-03
9.116379310344827069e-03
9.041980624327233818e-03
9.010752688172042266e-03
8.968850698174006889e-03
8.916309012875536441e-03
8.874598070739550537e-03
8.822269807280513909e-03
8.780748663101604554e-03
8.728632478632479194e-03
8.687299893276413665e-03
8.635394456289979120e-03
8.594249201277956093e-03
8.521276595744680521e-03
8.480340063761955191e-03
8.439490445859872472e-03
8.388123011664899015e-03
8.347457627118644308e-03
8.285714285714285143e-03
8.266384778012685411e-03
8.225976768743399961e-03
8.196202531645569236e-03
8.166491043203371117e-03
8.126315789473684617e-03
8.086225026288118220e-03
8.025210084033613037e-03
7.995802728226652362e-03
7.966457023060796033e-03
7.926701570680629028e-03
7.876569037656903569e-03
7.826541274817137156e-03
7.787056367432150343e-03
7.758081334723670661e-03
7.729166666666666304e-03
7.700312174817897960e-03
7.650727650727650979e-03
7.611630321910695454e-03
7.572614107883817412e-03
7.564766839378238468e-03
7.546583850931676621e-03
7.497414684591519746e-03
7.479338842975206438e-03
7.430340557275541373e-03
7.402061855670103059e-03
7.373841400617919817e-03
7.345679012345679090e-03
7.327852004110997283e-03
7.310061601642710120e-03
7.261538461538461636e-03
7.243852459016393748e-03
7.195496417604913333e-03
7.177914110429448220e-03
7.150153217568948338e-03
7.122448979591836440e-03
7.094801223241590550e-03
7.057026476578411381e-03
7.029501525940996982e-03
6.991869918699187419e-03
6.964467005076141991e-03
6.926977687626774925e-03
6.889564336372847042e-03
6.852226720647773550e-03
6.825075834175935684e-03
6.787878787878788046e-03
6.750756811301715163e-03
6.703629032258064287e-03
6.676737160120845699e-03
6.649899396378269531e-03
6.623115577889446964e-03
6.586345381526104506e-03
6.549648946840521714e-03
6.513026052104207986e-03
6.486486486486486153e-03
6.470000000000000057e-03
6.433566433566433561e-03
6.397205588822355016e-03
6.380857427716849113e-03
6.344621513944223058e-03
6.338308457711442495e-03
6.322067594433399863e-03
6.295928500496524548e-03
6.269841269841269944e-03
6.233894945490584504e-03
6.217821782178218140e-03
6.181998021760633406e-03
6.166007905138339538e-03
6.140177690029615179e-03
6.114398422090729611e-03
6.108374384236453167e-03
6.092519685039370081e-03
6.066863323500491616e-03
6.041257367387033519e-03
6.005888125613346139e-03
5.980392156862745189e-03
5.964740450538687580e-03
5.958904109589041077e-03
5.933528836754643418e-03
5.917968749999999618e-03
5.902439024390243941e-03
5.886939571150097590e-03
5.832521908471275870e-03
5.826848249027237123e-03
5.821185617103984654e-03
5.805825242718446605e-03
5.790494665373424089e-03
5.784883720930232391e-03
5.779283639883833062e-03
5.764023210831721068e-03
5.758454106280193503e-03
5.752895752895752744e-03
5.728061716489874812e-03
5.712909441233140692e-03
5.707410972088546378e-03
5.692307692307692693e-03
5.677233429394812521e-03
5.671785028790786963e-03
5.666347075743048516e-03
5.660919540229884632e-03
5.655502392344497788e-03
5.630975143403441768e-03
5.616045845272206460e-03
5.610687022900763370e-03
5.605338417540514824e-03
5.599999999999999943e-03
5.585156993339676114e-03
5.579847908745247213e-03
5.574548907882241090e-03
5.569259962049336043e-03
5.563981042654028708e-03
5.558712121212121444e-03
5.553453169347208861e-03
5.548204158790170405e-03
5.533522190745986634e-03
5.528301886792453060e-03
5.513666352497643454e-03
5.499058380414312275e-03
5.493885230479774590e-03
5.488721804511278134e-03
5.474178403755868699e-03
5.469043151969981559e-03
5.463917525773196240e-03
5.458801498127340696e-03
5.453695042095416286e-03
5.448598130841121601e-03
5.443510737628384950e-03
5.438432835820895123e-03
5.433364398881639946e-03
5.418994413407820891e-03
5.404651162790697488e-03
5.399628252788103884e-03
5.394614670380687427e-03
5.380333951762523124e-03
5.375347544022242990e-03
5.370370370370369968e-03
5.365402405180388391e-03
5.360443622920517577e-03
5.346260387811634616e-03
5.332103321033209928e-03
5.327188940092165634e-03
5.322283609576427231e-03
5.308187672493100071e-03
5.303308823529411832e-03
5.289256198347107828e-03
5.284403669724770450e-03
5.279560036663611365e-03
5.274725274725274721e-03
5.269899359560841802e-03
5.265082266910420770e-03
5.260273972602739871e-03
5.255474452554744109e-03
5.250683682771194530e-03
5.245901639344262291e-03
5.241128298453139218e-03
5.236363636363636220e-03
5.231607629427792970e-03
5.217785843920145529e-03
5.213055303717135068e-03
5.208333333333333044e-03
5.203619909502262171e-03
5.198915009041591394e-03
5.194218608852755117e-03
5.189530685920577639e-03
5.184851217312894112e-03
5.180180180180180179e-03
5.175517551755175541e-03
5.170863309352517929e-03
5.166217430368373609e-03
5.152603231597845460e-03
5.147982062780269430e-03
5.143369175627240247e-03
5.138764547896149983e-03
5.134168157423971146e-03
5.120643431635389133e-03
5.116071428571428159e-03
5.111507582515610777e-03
5.106951871657753987e-03
5.102404274265360910e-03
5.097864768683273845e-03
5.084444444444444385e-03
5.079928952042628808e-03
5.075421472937001292e-03
5.070921985815602696e-03
5.057573073516385791e-03
5.053097345132743015e-03
5.039787798408488194e-03
5.035335689045936786e-03
5.030891438658429034e-03
5.026455026455026523e-03
5.022026431718062088e-03
5.017605633802817156e-03
5.013192612137203422e-03
5.008787346221441061e-03
5.004389815627743876e-03
5.000000000000000104e-03
4.995617879053461906e-03
4.991243432574430511e-03
4.986876640419947437e-03
4.982517482517482242e-03
4.978165938864628944e-03
4.973821989528795506e-03
4.969485614646904602e-03
4.965156794425087429e-03
4.960835509138381005e-03
4.956521739130434999e-03
4.952215464813205549e-03
4.947916666666666435e-03
4.934952298352124518e-03
4.930675909878682629e-03
4.926406926406926359e-03
4.913494809688580961e-03
4.900605012964563169e-03
4.896373056994818458e-03
4.892148403796376353e-03
4.887931034482758536e-03
4.883720930232557898e-03
4.879518072289156655e-03
4.875322441960447048e-03
4.871134020618556396e-03
4.866952789699570403e-03
4.862778730703259077e-03
4.858611825192801770e-03
4.854452054794520903e-03
4.850299401197604408e-03
4.846153846153846388e-03
4.842015371477369559e-03
4.837883959044368513e-03
4.833759590792839102e-03
4.829642248722316490e-03
4.825531914893616686e-03
4.821428571428571126e-03
4.817332200509770804e-03
4.813242784380305193e-03
4.809160305343511584e-03
4.805084745762712266e-03
4.801016088060965602e-03
4.796954314720811886e-03
4.792899408284023548e-03
4.788851351351351010e-03
4.784810126582278098e-03
4.780775716694772234e-03
4.776748104465038114e-03
4.772727272727273103e-03
4.768713204373422644e-03
4.756302521008403533e-03
4.752308984047019444e-03
4.748322147651007005e-03
4.744341994970662293e-03
4.740368509212730154e-03
4.736401673640167412e-03
4.732441471571906082e-03
4.728487886382623517e-03
4.724540901502503887e-03
4.720600500417014393e-03
4.700000000000000185e-03
4.696086594504579603e-03
4.692179700499167667e-03
4.688279301745635480e-03
4.684385382059800575e-03
4.680497925311203136e-03
4.676616915422885691e-03
4.672742336371168460e-03
4.668874172185430785e-03
4.665012406947890815e-03
4.661157024793388670e-03
4.657308009909166130e-03
4.653465346534653262e-03
4.649629018961253316e-03
4.645799011532125017e-03
4.641975308641975266e-03
4.638157894736842299e-03
4.634346754313886652e-03
4.630541871921182127e-03
4.626743232157505895e-03
4.622950819672131187e-03
4.619164619164619137e-03
4.615384615384615814e-03
4.611610793131643189e-03
4.607843137254902244e-03
4.604081632653061334e-03
4.600326264274061903e-03
4.596577017114914648e-03
4.592833876221498295e-03
4.589096826688364439e-03
4.585365853658536321e-03
4.581640942323314536e-03
4.577922077922077539e-03
4.574209245742092561e-03
4.570502431118314383e-03
4.566801619433197984e-03
4.563106796116505118e-03
4.559417946645109160e-03
4.555735056542811225e-03
4.552058111380145010e-03
4.548387096774193783e-03
4.544721998388396092e-03
4.541062801932367089e-03
4.537409493161705977e-03
4.533762057877813861e-03
4.530120481927710739e-03
4.526484751203852484e-03
4.522854851643945233e-03
4.519230769230769308e-03
4.515612489991993606e-03
4.512000000000000385e-03
4.508393285371702260e-03
4.504792332268370454e-03
4.501197126895450928e-03
4.497607655502392637e-03
4.494023904382469722e-03
4.490445859872611509e-03
4.486873508353222094e-03
4.483306836248012947e-03
4.479745830023828569e-03
4.476190476190476490e-03
4.472640761300555531e-03
4.469096671949286670e-03
4.465558194774346505e-03
4.462025316455696389e-03
4.458498023715415023e-03
4.454976303317535399e-03
4.451460142067876526e-03
4.447949526813880367e-03
4.444444444444444441e-03
4.433070866141732014e-03
4.429583005507474643e-03
4.426100628930817668e-03
4.422623723487823996e-03
4.419152276295133450e-03
4.415686274509804041e-03
4.412225705329153244e-03
4.408770555990602739e-03
4.405320813771517949e-03
4.401876465989053647e-03
4.398437499999999570e-03
4.395003903200624291e-03
4.391575663026520832e-03
4.388152766952454868e-03
4.384735202492212082e-03
4.381322957198443765e-03
4.377916018662519372e-03
4.374514374514374727e-03
4.371118012422360241e-03
4.367726920093095190e-03
4.364341085271317665e-03
4.360960495739736251e-03
4.357585139318885178e-03
4.354215003866976005e-03
4.350850077279752766e-03
4.347490347490347122e-03
4.344135802469136116e-03
4.340786430223592986e-03
4.337442218798150985e-03
4.334103156274056803e-03
4.330769230769230919e-03
4.327440430438124486e-03
4.324116743471582286e-03
4.313123561013047086e-03
4.309815950920245151e-03
4.306513409961685787e-03
4.303215926493108787e-03
4.299923488905891232e-03
4.296636085626911322e-03
4.293353705118411329e-03
4.290076335877862287e-03
4.286803966437833895e-03
4.283536585365853994e-03
4.280274181264280206e-03
4.277016742770167225e-03
4.273764258555133241e-03
4.270516717325228105e-03
4.267274107820804956e-03
4.264036418816388382e-03
4.260803639120546056e-03
4.257575757575757756e-03
4.254352763058289605e-03
4.251134644478063961e-03
4.247921390778533653e-03
4.244712990936556213e-03
4.241509433962263771e-03
4.238310708898944228e-03
4.235116804822908546e-03
4.231927710843373658e-03
4.228743416102332363e-03
4.225563909774436230e-03
4.222389181066867232e-03
4.219219219219218914e-03
4.216054013503375830e-03
4.212893553223388647e-03
4.209737827715356179e-03
4.206586826347305692e-03
4.195961106955871031e-03
4.192825112107623382e-03
4.189693801344286476e-03
4.186567164179104752e-03
4.183445190156599713e-03
4.180327868852458904e-03
4.177215189873417951e-03
4.174107142857142599e-03
4.171003717472118559e-03
4.167904903417533544e-03
4.164810690423162778e-03
4.161721068249257978e-03
4.158636026686434589e-03
4.148148148148148202e-03
4.145077720207253694e-03
4.142011834319526790e-03
4.138950480413895044e-03
4.135893648449039985e-03
4.132841328413284360e-03
4.129793510324483718e-03
4.126750184229918857e-03
4.123711340206185662e-03
4.120676968359087561e-03
4.117647058823529702e-03
4.114621601763409665e-03
4.111600587371512516e-03
4.108584005869405850e-03
4.105571847507331375e-03
4.102564102564102561e-03
4.099560761346998823e-03
4.096561814191660572e-03
4.093567251461988597e-03
4.090577063550036516e-03
4.087591240875912760e-03
4.084609773887673025e-03
4.081632653061224858e-03
4.078659868900218373e-03
4.075691411935953440e-03
4.072727272727273001e-03
4.069767441860465060e-03
4.066811909949164666e-03
4.063860667634252438e-03
4.060913705583756549e-03
4.057971014492753846e-03
4.055032585083272710e-03
4.052098408104196775e-03
4.049168474331164315e-03
4.046242774566473702e-03
4.043321299638988862e-03
4.040404040404040401e-03
4.037490987743331053e-03
4.034582132564841148e-03
4.031677465802735796e-03
4.028776978417266015e-03
4.025880661394680253e-03
4.022988505747126381e-03
4.020100502512563220e-03
4.017216642754662531e-03
4.014336917562724011e-03
4.011461318051575548e-03
4.008589835361489086e-03
4.005722460658082615e-03
4.002859185132236902e-03
4.000000000000000083e-03
3.997144896502498324e-03
3.994293865905849082e-03
3.991446899501069172e-03
3.988603988603988890e-03
3.978647686832740074e-03
3.975817923186344624e-03
3.972992181947405770e-03
3.970170454545454523e-03
3.967352732434350528e-03
3.964539007092198787e-03
3.961729270021261198e-03
3.958923512747875018e-03
3.956121726822363523e-03
3.953323903818953614e-03
3.950530035335689076e-03
3.947740112994349918e-03
3.944954128440367365e-03
3.942172073342736262e-03
3.939393939393939607e-03
3.936619718309859219e-03
3.933849401829697667e-03
3.931082981715893279e-03
3.928320449754040336e-03
3.925561797752809279e-03
3.922807017543859971e-03
3.920056100981767107e-03
3.917309039943938677e-03
3.914565826330531836e-03
3.911826452064380913e-03
3.909090909090908936e-03
3.906359189378057380e-03
3.903631284916201163e-03
3.900907187718074057e-03
3.898186889818688883e-03
3.895470383275261191e-03
3.885793871866295105e-03
3.883089770354905892e-03
3.880389429763560390e-03
3.877692842251563490e-03
3.874999999999999972e-03
3.872310895211658610e-03
3.869625520110957142e-03
3.866943866943866812e-03
3.864265927977839511e-03
3.861591695501730148e-03
3.858921161825725962e-03
3.856254319281271492e-03
3.853591160220994419e-03
3.850931677018633575e-03
3.848275862068965651e-03
3.845623707787732774e-03
3.842975206611570077e-03
3.840330350997935450e-03
3.837689133425034507e-03
3.835051546391752501e-03
3.832417582417582333e-03
3.829787234042552994e-03
3.827160493827160611e-03
3.824537354352296019e-03
3.821917808219177978e-03
3.819301848049281179e-03
3.816689466484268160e-03
3.814080656185919477e-03
3.811475409836065625e-03
3.808873720136518939e-03
3.806275579809004217e-03
3.803680981595091923e-03
3.801089918256130972e-03
3.798502382573178907e-03
3.795918367346938580e-03
3.793337865397688764e-03
3.790760869565217364e-03
3.788187372708757671e-03
3.785617367706919836e-03
3.783050847457627118e-03
3.780487804878048669e-03
3.777928232904536211e-03
3.775372124492557685e-03
3.772819472616633068e-03
3.770270270270270185e-03
3.767724510465901393e-03
3.765182186234817662e-03
3.762643290627107426e-03
3.760107816711590230e-03
3.757575757575757746e-03
3.755047106325706558e-03
3.752521856086079178e-03
3.749999999999999861e-03
3.747481531229012591e-03
3.744966442953019930e-03
3.742454728370221435e-03
3.739946380697050776e-03
3.737441393168118055e-03
3.734939759036144755e-03
3.732441471571906495e-03
3.729946524064171008e-03
3.727454909819639169e-03
3.724966622162883840e-03
3.722481654436290890e-03
3.720000000000000216e-03
3.717521652231845462e-03
3.715046604527296771e-03
3.712574850299401371e-03
3.710106382978723295e-03
3.707641196013289168e-03
3.705179282868525763e-03
3.702720637027206215e-03
3.700265251989389749e-03
3.697813121272365729e-03
3.695364238410595980e-03
3.692918596955658411e-03
3.690476190476190636e-03
3.688037012557832291e-03
3.685601056803170395e-03
3.683168316831682970e-03
3.680738786279683528e-03
3.678312458800263827e-03
3.675889328063240962e-03
3.673469387755101852e-03
3.671052631578947296e-03
3.668639053254437767e-03
3.666228646517739626e-03
3.663821405121470923e-03
3.661417322834645879e-03
3.659016393442622844e-03
3.656618610747050958e-03
3.647675180091682848e-03
3.645287958115183205e-03
3.642903858731196681e-03
3.640522875816993350e-03
3.638145003265839169e-03
3.629242819843342058e-03
3.626875407697325443e-03
3.624511082138200720e-03
3.622149837133550702e-03
3.619791666666666557e-03
3.617436564736499667e-03
3.615084525357607423e-03
3.612735542560103780e-03
3.610389610389610256e-03
3.608046722907203019e-03
3.605706874189364315e-03
3.603370058327932599e-03
3.601036269430051787e-03
3.598705501618123127e-03
3.589909443725743717e-03
3.587588881706528596e-03
3.585271317829457315e-03
3.582956746287927711e-03
3.580645161290322599e-03
3.578336557059961197e-03
3.576030927835051419e-03
3.573728267868641305e-03
3.571428571428571317e-03
3.569131832797427500e-03
3.566838046272493776e-03
3.564547206165703374e-03
3.562259306803594160e-03
3.559974342527260933e-03
3.557692307692307716e-03
3.555413196668802227e-03
3.553137003841229033e-03
3.550863723608445321e-03
3.548593350383631891e-03
3.546325878594249349e-03
3.544061302681992143e-03
3.541799617102743894e-03
3.539540816326530552e-03
3.537284894837476167e-03
3.535031847133757784e-03
3.532781667727562074e-03
3.530534351145038063e-03
3.528289891926255500e-03
3.526048284625158888e-03
3.523809523809523676e-03
3.521573604060913767e-03
3.519340519974635539e-03
3.517110266159695787e-03
3.514882837238758780e-03
3.512658227848101163e-03
3.510436432637571193e-03
3.508217446270543629e-03
3.506001263423878540e-03
3.503787878787878798e-03
3.495268138801261876e-03
3.493064312736444098e-03
3.490863264020163670e-03
3.488664987405541706e-03
3.486469477658904904e-03
3.484276729559748244e-03
3.482086737900691193e-03
3.479899497487437370e-03
3.477715003138732042e-03
3.475533249686323534e-03
3.473354231974921588e-03
3.471177944862155300e-03
3.469004383218534954e-03
3.466833541927409092e-03
3.464665415884928077e-03
3.462499999999999866e-03
